0 0.614258 0.580440 0.048828 0.142361
0 0.834310 0.703704 0.047526 0.180556
0 0.806966 0.949074 0.044922 0.101852
0 0.680013 0.401620 0.022786 0.071759
0 0.268555 0.666667 0.024089 0.108796
0 0.343750 0.442130 0.041667 0.108796
0 0.509440 0.610532 0.034505 0.186343
0 0.337891 0.438079 0.029948 0.098380
0 0.268229 0.685764 0.026042 0.146991
0 0.526693 0.486690 0.031250 0.133102
0 0.508464 0.692708 0.022135 0.170139
0 0.212891 0.547454 0.037760 0.173611
0 0.775065 0.633102 0.048828 0.155093
0 0.669596 0.533565 0.037109 0.127315
