0 0.648112 0.756944 0.044922 0.194444
0 0.325521 0.733218 0.048177 0.181713
0 0.509766 0.947338 0.022135 0.103009
0 0.772461 0.545139 0.027995 0.162037
0 0.633789 0.373264 0.027995 0.084491
0 0.770508 0.581019 0.027995 0.092593
0 0.632812 0.391782 0.028646 0.123843
0 0.721354 0.657407 0.042969 0.164352
0 0.622721 0.513310 0.042318 0.137731
0 0.529622 0.428241 0.022786 0.150463
0 0.543294 0.391782 0.018880 0.142361
0 0.376628 0.433449 0.031901 0.103009
0 0.282552 0.678819 0.044271 0.137731
0 0.177083 0.574074 0.039062 0.159722
