0 0.850911 0.668981 0.045573 0.196759
0 0.611003 0.527778 0.035807 0.164352
0 0.761393 0.935764 0.067057 0.128472
0 0.553385 0.298611 0.023438 0.111111
0 0.798828 0.629051 0.041667 0.144676
0 0.752279 0.936921 0.047526 0.126157
0 0.668620 0.744792 0.059896 0.174769
0 0.702799 0.401042 0.021484 0.072917
0 0.507487 0.700810 0.025391 0.170139
0 0.511068 0.571759 0.039062 0.090278
0 0.525391 0.479167 0.035156 0.078704
0 0.315755 0.452546 0.040365 0.134259
0 0.273438 0.550347 0.031250 0.146991
0 0.274414 0.715278 0.043620 0.182870
