0 0.514648 0.554398 0.033203 0.180556
0 0.772461 0.489005 0.039714 0.130787
0 0.915365 0.740741 0.049479 0.155093
0 0.384440 0.563657 0.031901 0.159722
0 0.359701 0.483218 0.024089 0.126157
0 0.553385 0.294560 0.023438 0.105324
0 0.812174 0.448495 0.024089 0.098380
0 0.358398 0.467593 0.021484 0.092593
0 0.734049 0.895255 0.103516 0.207176
0 0.753906 0.894676 0.062500 0.208333
0 0.682292 0.641204 0.045573 0.138889
0 0.483398 0.566551 0.022786 0.163194
0 0.507812 0.642940 0.026042 0.190972
0 0.096680 0.608218 0.047526 0.137731
0 0.855143 0.608218 0.051432 0.156250
