0 0.371419 0.732639 0.052734 0.194444
0 0.354167 0.452546 0.023438 0.136574
0 0.465169 0.633102 0.039714 0.187500
0 0.554036 0.302662 0.023438 0.119213
0 0.511719 0.725694 0.027344 0.219907
0 0.261719 0.618634 0.042969 0.177083
0 0.714193 0.486690 0.032552 0.135417
0 0.685221 0.449074 0.025391 0.115741
0 0.303385 0.529514 0.033854 0.142361
0 0.718099 0.475694 0.022135 0.111111
0 0.583008 0.451389 0.013672 0.159722
0 0.600586 0.433449 0.013672 0.160880
0 0.617839 0.474537 0.014323 0.159722
0 0.985352 0.515046 0.029297 0.099537
