0 0.776693 0.878472 0.053385 0.175926
0 0.917318 0.756944 0.055990 0.159722
0 0.553711 0.296296 0.022786 0.106481
0 0.777995 0.445023 0.028646 0.109954
0 0.849284 0.612269 0.037109 0.138889
0 0.771484 0.889468 0.066406 0.202546
0 0.791016 0.501157 0.032552 0.134259
0 0.846680 0.596644 0.031901 0.105324
0 0.675130 0.607060 0.040365 0.160880
0 0.519531 0.649884 0.013021 0.209491
0 0.499023 0.585069 0.017578 0.197917
0 0.528320 0.535301 0.016276 0.160880
0 0.374674 0.512153 0.031901 0.137731
0 0.190755 0.550926 0.040365 0.145833
