0 0.599935 0.490741 0.030599 0.148148
0 0.375326 0.502315 0.031901 0.164352
0 0.632487 0.738426 0.050130 0.212963
0 0.167969 0.769676 0.052083 0.173611
0 0.795573 0.539931 0.045573 0.130787
0 0.887370 0.575231 0.029948 0.148148
0 0.879557 0.581019 0.048177 0.164352
0 0.890299 0.566551 0.022786 0.130787
0 0.581055 0.545718 0.027995 0.142361
0 0.789062 0.751736 0.048177 0.126157
0 0.446289 0.571759 0.059245 0.168981
0 0.283529 0.699074 0.044922 0.203704
0 0.299479 0.535880 0.049479 0.150463
0 0.253906 0.549769 0.040365 0.127315
