0 0.357747 0.429977 0.022786 0.121528
0 0.616211 0.560185 0.027995 0.175926
0 0.743490 0.544560 0.033854 0.149306
0 0.553711 0.294560 0.024089 0.103009
0 0.577148 0.577546 0.027995 0.180556
0 0.209961 0.682292 0.034505 0.167824
0 0.271159 0.660880 0.030599 0.127315
0 0.392904 0.471644 0.026693 0.142361
0 0.857747 0.557870 0.048828 0.155093
0 0.106120 0.743634 0.045573 0.151620
0 0.522786 0.550926 0.028646 0.131944
0 0.979492 0.750000 0.039714 0.125000
0 0.867188 0.530671 0.027344 0.100694
0 0.583008 0.467014 0.034505 0.096065
