0 0.349609 0.643519 0.026042 0.178241
0 0.868815 0.511574 0.024089 0.092593
0 0.490234 0.623264 0.058594 0.186343
0 0.777995 0.508102 0.028646 0.136574
0 0.264974 0.602431 0.039062 0.167824
0 0.867839 0.520833 0.027344 0.115741
0 0.576172 0.496528 0.023438 0.145833
0 0.554362 0.289931 0.022786 0.093750
0 0.601562 0.510995 0.018229 0.144676
0 0.605143 0.402199 0.026693 0.075231
0 0.725586 0.592014 0.054036 0.158565
0 0.363932 0.451389 0.045573 0.141204
0 0.326172 0.514468 0.031250 0.149306
0 0.220378 0.867477 0.080078 0.241898
