0 0.687826 0.897569 0.068359 0.202546
0 0.590495 0.559606 0.039062 0.165509
0 0.672852 0.437500 0.022786 0.129630
0 0.492513 0.655093 0.033203 0.173611
0 0.376953 0.465278 0.029948 0.131944
0 0.593750 0.541088 0.033854 0.126157
0 0.277669 0.564815 0.035807 0.171296
0 0.926107 0.657986 0.026693 0.086806
0 0.509115 0.948495 0.022135 0.100694
0 0.833008 0.524884 0.025391 0.121528
0 0.854818 0.626157 0.041667 0.143519
0 0.520508 0.625000 0.022786 0.196759
0 0.527669 0.486111 0.029297 0.085648
0 0.143880 0.662616 0.053385 0.179398
