0 0.593424 0.844329 0.074870 0.195602
0 0.388997 0.793403 0.081380 0.228009
0 0.693359 0.723958 0.066406 0.197917
0 0.588867 0.738426 0.046224 0.199074
0 0.337565 0.543403 0.034505 0.153935
0 0.630208 0.436343 0.026042 0.134259
0 0.383789 0.534722 0.030599 0.162037
0 0.804362 0.487269 0.030599 0.134259
0 0.425130 0.652778 0.040365 0.203704
0 0.842773 0.657407 0.050130 0.199074
0 0.417969 0.651620 0.057292 0.206019
0 0.509440 0.949074 0.024089 0.101852
0 0.269206 0.568866 0.052734 0.130787
0 0.308268 0.751157 0.051432 0.203704
